bd: 6.971233e-02
ms: 6.174521e-01
wd: 2.190959e-01
bh: 2.987671e-02
ns: 6.386298e-02
